3.13
39.77
92.12
95.7
96.18
82.88
66.22
41.62
23.28
12.57
0
7.11
18.39
77.13
95.94
96.89
96.66
95.46
82.29
61.4
39.77
14.11
3.48
0
41.75
77.73
95.94
94.98
97.8
95.94
88.9
74.04
56.62
49.05
59.79
44.23
62.12
93.79
98.33
95.17
86.5
67.62
48.32
27.23
11.12
0
0
25.69
46.29
42.78
76.13
96.13
93.55
94.94
70.19
29.29
0
0
0
0
0
10.75
56.24
84.36
85.55
76.57
61.58
44.84
26.4
5.33
4.54
25.89
51.14
94.03
94.98
97.13
98.57
93.31
81.71
61.36
41.47
3.2
0
23.54
76.21
95.22
95.7
97.61
98.04
90.64
76.61
66.71
41.9
17.61
16.91
62.59
94.03
95.22
95.94
97.61
89.87
85.47
56.34
43.62
25.18
13.93
7.61
19.71
44.02
72.99
96.18
95.51
89.47
80.09
65.02
48.63
30.68
0.23
0
0
10.99
50.9
94.12
93.89
92.21
88.37
72.87
52.12
32.13
11.12
4.83
11.87
4.75
69.35
97.52
96.13
92.17
82.88
58.38
35.00999832
18.67000008
9.35000038
2.45000005

